-0.560250
-0.889606
-1.065457
0.389259
0.378525
2.195784
-0.250364
0.714771
-1.380334
-2.947158
0.540603
1.200154
0.095415
1.627544
-2.101910
1.249056
-0.068186
-0.049255
-0.045501
2.369480
-0.164905
-0.514190
-0.482658
0.912126
-2.320080
1.244406
0.475586
0.693490
-0.285025
-0.093262
-3.122193
0.393069
1.220659
-2.351750
2.537286
-2.353975
0.626860
-0.460237
-0.704148
-1.266345
-1.794729
-2.082071
2.169102
-2.043181
-0.083535
-0.205931
-0.194994
0.338729
0.817619
-2.152641
-0.330833
-0.920014
0.507581
-0.257682
-1.077391
0.379048
-0.194818
0.607807
0.038450
1.881882
-2.233552
0.024210
-1.639535
0.767474
1.350758
-0.374685
-0.203815
2.775187
2.383011
-0.001870
-0.922759
0.021352
-1.334079
-0.524758
-0.123087
-1.597852
2.111601
-1.024304
0.333944
-0.308657
2.775606
-2.197176
-0.973893
0.567980
2.137469
-1.275538
0.789237
-1.226855
-1.110293
0.206367
0.669973
0.409890
-0.552616
-0.603073
1.374493
0.765862
-0.290201
-0.220551
-0.608367
1.280944
-0.221220
-0.288932
1.395651
-0.645125
-2.688181
-1.639771
0.137862
-0.873686
-0.652928
-0.400485
-1.632770
1.166931
2.223327
-0.109862
-0.244229
-0.080162
0.860465
-2.400601
-0.033306
-0.289050
-0.717755
0.126421
1.243718
-0.438685
0.006649
1.964165
0.782119
-0.614112
0.686417
2.344299
-0.617599
-0.133103
-1.598078
-1.251689
0.006352
1.925406
0.754953
-0.396251
0.130803
0.224455
-1.171258
-1.446574
0.110441
1.071209
-0.733486
1.483034
0.557864
-0.426543
-1.124112
-1.295317
-0.681443
-0.816518
0.113183
0.021372
-1.185724
-0.568480
-0.117292
0.655282
-1.043480
0.135743
-1.684598
0.380964
0.851191
-1.294621
1.487112
-2.053217
0.090216
0.764344
1.151929
-0.745653
0.883639
-0.259923
1.155703
-0.171718
-1.092423
0.477437
0.221578
0.671062
1.620731
-0.358374
-0.110200
-1.028277
-0.615468
-0.776779
0.037730
-0.781577
-0.228845
-0.515545
0.462197
1.507483
-1.711921
-0.365600
0.404449
1.845457
-1.623905
-1.343462
-0.695565
-0.879521
-2.345460
-0.497371
1.734810
-0.587466
-0.334447
-0.358200
1.915423
-0.535711
1.309462
0.708322
1.634070
-1.279242
1.297244
-1.233541
-0.597617
-0.705154
0.457213
0.977222
1.055936
2.332949
0.141552
-0.859672
-0.651598
0.050659
-1.133903
0.928583
1.851036
-2.355418
-1.933645
-0.532136
-0.196631
0.894728
0.726790
1.757212
-0.131972
-1.747430
0.588034
0.543905
-0.258288
-0.655625
-1.860123
1.593540
3.286418
-0.255619
1.203764
-0.009079
-0.067299
-1.430865
0.802732
0.813745
0.036383
0.307126
-1.544427
-0.381472
0.693468
-0.556144
0.586804
-0.467456
0.614154
0.496069
1.100866
1.240205
-5.921684
-3.619968
-2.286994
4.195783
-5.799772
1.110277
-1.042985
-1.935605
1.189097
2.932231
-2.657100
5.682883
-0.002492
-5.808764
-1.558547
-4.868978
3.665039
-2.500586
-0.033036
2.292275
-5.539991
-4.560454
-3.396719
-2.163860
2.567338
-3.066352
0.344949
-1.150974
3.536804
-5.971131
-1.832576
6.339381
-1.711912
0.146169
1.992835
0.466094
0.406638
-2.626748
-6.497058
-5.729564
2.178600
-4.306970
6.321355
-0.734821
-4.619046
-5.158140
-1.214402
-1.478559
2.558445
-0.131255
5.462924
-3.517455
-3.090131
-1.042041
-4.067633
3.997567
-1.957094
-0.367327
-1.433378
-6.357304
3.186018
-3.379386
-5.385673
-10.496698
1.572718
-2.836751
-2.566553
-0.516772
-1.737268
3.963464
-3.036035
3.087396
2.934317
-2.858074
-5.124781
1.443350
-1.345844
3.027654
0.632517
-3.035054
2.020534
-2.302260
-1.428373
7.710305
0.255997
-5.522324
-2.593353
-3.059257
-7.176185
0.851943
-3.717673
-4.985770
2.180812
0.270509
0.710341
-0.463769
2.218697
5.109137
-5.210880
-0.780379
-3.197610
-3.673740
0.942846
-2.321219
-4.130172
-1.575129
-0.830188
-3.439380
-3.287270
-3.130176
